version 3
run General-0-20240531-18:17:38-9781
attr configname General
attr datetime 20240531-18:17:38
attr datetimef 20240531-181738
attr experiment General
attr inifile omnetpp.ini
attr iterationvars ""
attr iterationvarsd ""
attr iterationvarsf ""
attr measurement ""
attr network Network
attr processid 9781
attr repetition 0
attr replication #0
attr resultdir results
attr runnumber 0
attr seedset 0
config network Network
config sim-time-limit 200s
config Network.node[{0,2}].app.interArrivalTime exponential(1)
config Network.node[{0,2}].app.packetByteSize 125000
config Network.node[{0,2}].app.destination 5

vector 0 Network.node[0].lnk[0] "Buffer Size" ETV
vector 1 Network.node[1].lnk[0] "Buffer Size" ETV
vector 2 Network.node[2].lnk[0] "Buffer Size" ETV
vector 3 Network.node[3].lnk[0] "Buffer Size" ETV
vector 4 Network.node[4].lnk[0] "Buffer Size" ETV
vector 5 Network.node[5].lnk[0] "Buffer Size" ETV
vector 6 Network.node[6].lnk[0] "Buffer Size" ETV
vector 7 Network.node[7].lnk[0] "Buffer Size" ETV
vector 8 Network.node[2].lnk[1] "Buffer Size" ETV
vector 9 Network.node[3].lnk[1] "Buffer Size" ETV
vector 10 Network.node[4].lnk[1] "Buffer Size" ETV
vector 11 Network.node[5].app Delay ETV
vector 12 Network.node[5].app CantHops ETV
0	1	0	1
0	9	0	0
0	42	0.000116	1
0	50	0.000116	0
0	83	0.000232	1
0	91	0.000232	0
0	124	0.000348	1
0	132	0.000348	0
0	165	0.000464	1
0	173	0.000464	0
0	206	0.00058	1
0	214	0.00058	0
0	247	0.000696	1
0	255	0.000696	0
0	288	0.000812	1
0	296	0.000812	0
0	323	0.898560388484	1
0	324	0.898560388484	0
0	327	1.821783519955	1
0	332	1.898560388484	0
0	357	3.773328855839	1
0	358	3.773328855839	0
0	380	4.324377342509	1
0	385	4.773328855839	0
0	404	5.301383768902	1
0	414	5.773328855839	0
0	426	5.786511932624	1
0	435	6.139671071762	2
0	438	6.198055740855	3
0	449	6.773328855839	2
0	476	7.773328855839	1
0	505	8.773328855839	0
0	529	9.512968020783	1
0	533	9.773328855839	0
0	576	11.081864138406	1
0	577	11.081864138406	0
0	605	11.834538251719	1
0	606	12.081864138406	0
0	632	12.673971104619	1
0	637	13.081864138406	0
0	689	14.482340368894	1
0	690	14.482340368894	0
0	693	14.556025724359	1
0	696	14.967603720602	2
0	699	15.058764746726	3
0	728	15.482340368894	2
0	742	16.103377255034	3
0	756	16.482340368894	2
0	779	17.482340368894	1
0	809	18.482340368894	0
0	831	19.25354718371	1
0	845	19.482340368894	0
0	891	21.294439399622	1
0	892	21.294439399622	0
0	917	21.9361485723	1
0	918	22.294439399622	0
0	960	23.541388129362	1
0	961	23.541388129362	0
0	985	25.155390204255	1
0	986	25.155390204255	0
0	1001	25.890354625445	1
0	1007	26.155390204255	0
0	1018	27.026293567155	1
0	1031	27.152167976593	2
0	1032	27.155390204255	1
0	1054	28.155390204255	0
0	1079	28.427395678817	1
0	1082	28.582125359317	2
0	1089	29.155390204255	1
0	1115	29.352960017784	2
0	1116	30.155390204255	1
0	1145	30.774324697878	2
0	1146	31.155390204255	1
0	1170	31.512151989634	2
0	1173	31.624098150267	3
0	1178	32.155390204255	2
0	1194	32.159663870495	3
0	1200	32.466944222648	4
0	1206	32.673147504678	5
0	1212	33.155390204255	4
0	1238	34.008437689302	5
0	1243	34.155390204255	4
0	1262	34.617520112485	5
0	1265	34.762798139777	6
0	1268	34.781766708978	7
0	1282	35.155390204255	6
0	1298	35.173537519655	7
0	1320	36.134918458721	8
0	1321	36.155390204255	7
0	1340	36.386360390796	8
0	1343	36.874917440104	9
0	1357	37.155390204255	8
0	1387	38.155390204255	7
0	1414	39.155390204255	6
0	1433	39.752832461382	7
0	1447	40.155390204255	6
0	1463	40.3505785382	7
0	1469	40.796097033251	8
0	1483	41.155390204255	7
0	1499	41.370629439992	8
0	1516	42.155390204255	7
0	1552	43.155390204255	6
0	1568	43.696980501686	7
0	1582	44.155390204255	6
0	1598	44.795892969237	7
0	1612	45.155390204255	6
0	1628	45.854727100725	7
0	1642	46.155390204255	6
0	1668	46.965324546412	7
0	1679	47.10335323484	8
0	1680	47.155390204255	7
0	1708	48.155390204255	6
0	1724	48.492395924631	7
0	1740	48.944497984856	8
0	1747	49.155390204255	7
0	1779	49.788925778384	8
0	1780	50.155390204255	7
0	1810	51.155390204255	6
0	1837	52.155390204255	5
0	1864	53.155390204255	4
0	1897	54.155390204255	3
0	1913	54.24342262456	4
0	1916	54.477724143336	5
0	1933	55.155390204255	4
0	1952	55.485743388756	5
0	1966	56.155390204255	4
0	1995	56.54448610385	5
0	1996	57.155390204255	4
0	2012	57.416401957476	5
0	2028	57.708482490743	6
0	2029	58.155390204255	5
0	2045	58.243547167826	6
0	2061	58.871488748817	7
0	2062	59.155390204255	6
0	2078	59.51526975042	7
0	2094	59.795546758899	8
0	2095	60.155390204255	7
0	2128	60.77241083297	8
0	2135	61.155390204255	7
0	2151	61.184912062892	8
0	2168	62.155390204255	7
0	2184	62.252984260042	8
0	2187	62.401696529294	9
0	2207	63.155390204255	8
0	2236	63.908331862567	9
0	2237	64.155390204255	8
0	2253	64.368345820307	9
0	2267	65.155390204255	8
0	2283	65.454615201185	9
0	2306	66.155390204255	8
0	2336	67.155390204255	7
0	2352	67.174946858902	8
0	2366	68.155390204255	7
0	2382	68.294761224656	8
0	2385	68.395795999965	9
0	2402	69.155390204255	8
0	2429	70.155390204255	7
0	2456	71.155390204255	6
0	2485	71.969384372309	7
0	2486	72.155390204255	6
0	2515	73.155390204255	5
0	2542	74.074705673101	6
0	2545	74.132032599525	7
0	2546	74.155390204255	6
0	2572	75.060511096426	7
0	2573	75.155390204255	6
0	2602	75.660457983067	7
0	2603	76.155390204255	6
0	2627	77.004703255219	7
0	2630	77.024893383365	8
0	2633	77.064869682423	9
0	2634	77.155390204255	8
0	2657	77.64774807129	9
0	2664	78.155390204255	8
0	2689	79.155390204255	7
0	2719	80.155390204255	6
0	2752	81.155390204255	5
0	2781	81.539318194135	6
0	2784	82.074202569892	7
0	2785	82.155390204255	6
0	2815	83.155390204255	5
0	2848	84.155390204255	4
0	2877	84.578114352977	5
0	2881	85.155390204255	4
0	2910	85.410957869043	5
0	2917	86.155390204255	4
0	2947	87.155390204255	3
0	2979	87.41419839155	4
0	2982	87.512848699968	5
0	2983	88.155390204255	4
0	3010	89.155390204255	3
0	3042	90.053153207927	4
0	3045	90.139923690267	5
0	3046	90.155390204255	4
0	3079	91.155390204255	3
0	3112	92.155390204255	2
0	3144	92.789179618943	3
0	3147	92.930510332504	4
0	3148	93.155390204255	3
0	3177	93.972290986683	4
0	3178	94.155390204255	3
0	3208	95.155390204255	2
0	3224	95.232224796792	3
0	3240	95.573878963818	4
0	3243	95.88139668758	5
0	3249	96.083747126147	6
0	3250	96.155390204255	5
0	3282	96.966876168106	6
0	3285	96.987188626902	7
0	3286	97.155390204255	6
0	3302	97.167440878887	7
0	3328	98.155390204255	6
0	3357	98.9331819513	7
0	3361	99.155390204255	6
0	3393	99.776264983448	7
0	3394	100.155390204255	6
0	3429	101.105022857198	7
0	3430	101.155390204255	6
0	3459	101.672927010678	7
0	3462	101.958947983186	8
0	3463	102.155390204255	7
0	3490	103.155390204255	6
0	3506	103.36997239248	7
0	3520	104.155390204255	6
0	3536	104.228365360309	7
0	3555	104.732709166897	8
0	3556	105.155390204255	7
0	3589	106.155390204255	6
0	3618	106.996442742758	7
0	3622	107.155390204255	6
0	3638	107.248862735649	7
0	3652	108.155390204255	6
0	3679	109.155390204255	5
0	3709	110.155390204255	4
0	3725	110.301144392533	5
0	3744	110.893768419985	6
0	3748	111.155390204255	5
0	3775	112.155390204255	4
0	3804	112.767228299842	5
0	3805	113.155390204255	4
0	3834	113.969466867089	5
0	3837	114.092993514451	6
0	3838	114.155390204255	5
0	3867	114.446013647725	6
0	3871	115.155390204255	5
0	3900	115.902832206289	6
0	3901	116.155390204255	5
0	3930	116.433554702906	6
0	3936	116.938573450661	7
0	3937	117.155390204255	6
0	3970	118.155390204255	5
0	4002	119.068072846729	6
0	4003	119.155390204255	5
0	4033	120.155390204255	4
0	4060	121.155390204255	3
0	4076	121.202903296712	4
0	4090	122.155390204255	3
0	4106	122.382286230357	4
0	4123	123.155390204255	3
0	4139	123.270147640794	4
0	4156	124.155390204255	3
0	4172	124.34798252493	4
0	4191	125.109850296226	5
0	4192	125.155390204255	4
0	4208	125.371907537901	5
0	4222	126.155390204255	4
0	4251	126.404704548546	5
0	4254	126.907015346807	6
0	4255	127.155390204255	5
0	4284	127.458411336941	6
0	4289	128.155390204255	5
0	4313	128.422864902435	6
0	4327	129.066969610758	7
0	4328	129.155390204255	6
0	4350	129.425896826628	7
0	4361	130.155390204255	6
0	4380	130.505217025284	7
0	4399	130.847816649982	8
0	4400	131.155390204255	7
0	4432	131.810191705753	8
0	4433	132.155390204255	7
0	4449	132.370152775827	8
0	4472	133.155390204255	7
0	4505	134.155390204255	6
0	4524	134.477600380777	7
0	4541	135.155390204255	6
0	4557	135.371329459083	7
0	4577	136.155390204255	6
0	4593	136.225409194726	7
0	4610	137.155390204255	6
0	4643	138.155390204255	5
0	4676	139.155390204255	4
0	4705	139.697944674008	5
0	4708	139.850238299262	6
0	4709	140.155390204255	5
0	4725	140.30841118322	6
0	4728	140.410731798073	7
0	4744	140.983193349501	8
0	4748	141.155390204255	7
0	4775	142.155390204255	6
0	4802	143.155390204255	5
0	4835	144.155390204255	4
0	4864	145.121003110011	5
0	4865	145.155390204255	4
0	4897	145.891079969557	5
0	4898	146.155390204255	4
0	4914	146.485153467881	5
0	4920	146.59076611151	6
0	4940	147.155390204255	5
0	4967	148.155390204255	4
0	5002	149.110048241593	5
0	5003	149.155390204255	4
0	5030	150.155390204255	3
0	5059	150.94978102667	4
0	5062	151.111651113382	5
0	5063	151.155390204255	4
0	5090	152.155390204255	3
0	5117	153.155390204255	2
0	5133	153.461828403133	3
0	5147	154.155390204255	2
0	5174	155.155390204255	1
0	5190	155.487737220236	2
0	5193	155.526020133121	3
0	5212	155.703345708266	4
0	5213	156.155390204255	3
0	5248	156.659312132188	4
0	5252	157.155390204255	3
0	5279	158.155390204255	2
0	5295	158.169135587797	3
0	5312	159.155390204255	2
0	5339	160.155390204255	1
0	5355	160.171122083323	2
0	5374	160.70112496146	3
0	5377	160.851915971654	4
0	5384	161.155390204255	3
0	5403	161.374786001742	4
0	5417	162.155390204255	3
0	5433	162.570224568024	4
0	5449	163.037497134434	5
0	5450	163.155390204255	4
0	5466	163.641796206282	5
0	5480	164.155390204255	4
0	5496	164.186653334427	5
0	5510	165.155390204255	4
0	5532	165.466987538239	5
0	5548	165.921899383031	6
0	5549	166.155390204255	5
0	5576	167.155390204255	4
0	5609	168.155390204255	3
0	5636	169.155390204255	2
0	5661	169.631859974935	3
0	5677	170.078112795454	4
0	5678	170.155390204255	3
0	5708	171.155390204255	2
0	5735	172.155390204255	1
0	5767	172.962724547556	2
0	5770	173.151019522775	3
0	5771	173.155390204255	2
0	5787	173.565632065434	3
0	5804	174.155390204255	2
0	5820	174.301763165421	3
0	5826	174.35763321831	4
0	5829	174.580772426411	5
0	5851	174.77860193387	6
0	5855	175.155390204255	5
0	5888	176.155390204255	4
0	5904	176.357014655976	5
0	5920	176.780671757333	6
0	5921	177.155390204255	5
0	5951	178.155390204255	4
0	5978	179.155390204255	3
0	6007	179.66521604574	4
0	6008	180.155390204255	3
0	6027	180.602354763463	4
0	6041	181.155390204255	3
0	6057	181.510318790788	4
0	6060	181.542675595433	5
0	6080	182.155390204255	4
0	6112	183.0735068217	5
0	6115	183.125189727495	6
0	6116	183.155390204255	5
0	6148	183.986113364176	6
0	6149	184.155390204255	5
0	6165	184.257781434518	6
0	6182	185.155390204255	5
0	6209	186.155390204255	4
0	6236	187.155390204255	3
0	6269	188.155390204255	2
0	6301	189.136914322512	3
0	6302	189.155390204255	2
0	6331	189.903993977084	3
0	6335	190.155390204255	2
0	6365	191.155390204255	1
0	6394	191.901165944574	2
0	6395	192.155390204255	1
0	6425	193.155390204255	0
0	6441	193.210951315936	1
0	6444	193.584837811839	2
0	6458	194.155390204255	1
0	6474	194.392817865238	2
0	6490	194.900682987925	3
0	6493	195.139435860773	4
0	6494	195.155390204255	3
0	6510	195.374960434192	4
0	6516	195.626559047305	5
0	6535	195.873418316104	6
0	6536	196.155390204255	5
0	6565	196.716397091518	6
0	6566	197.155390204255	5
0	6595	198.061744524752	6
0	6596	198.155390204255	5
0	6624	198.663423511276	6
0	6625	199.155390204255	5
1	2	0	1
1	10	0	0
1	43	0.000116	1
1	51	0.000116	0
1	84	0.000232	1
1	92	0.000232	0
1	125	0.000348	1
1	133	0.000348	0
1	166	0.000464	1
1	174	0.000464	0
1	207	0.00058	1
1	215	0.00058	0
1	248	0.000696	1
1	256	0.000696	0
1	281	0.000812	1
1	289	0.000812	0
2	3	0	1
2	11	0	0
2	44	0.000116	1
2	52	0.000116	0
2	85	0.000232	1
2	93	0.000232	0
2	126	0.000348	1
2	134	0.000348	0
2	167	0.000464	1
2	175	0.000464	0
2	208	0.00058	1
2	216	0.00058	0
2	241	0.000696	1
2	249	0.000696	0
2	282	0.000812	1
2	290	0.000812	0
3	4	0	1
3	12	0	0
3	45	0.000116	1
3	53	0.000116	0
3	86	0.000232	1
3	94	0.000232	0
3	127	0.000348	1
3	135	0.000348	0
3	168	0.000464	1
3	176	0.000464	0
3	201	0.00058	1
3	209	0.00058	0
3	242	0.000696	1
3	250	0.000696	0
3	283	0.000812	1
3	291	0.000812	0
4	5	0	1
4	13	0	0
4	46	0.000116	1
4	54	0.000116	0
4	87	0.000232	1
4	95	0.000232	0
4	128	0.000348	1
4	136	0.000348	0
4	161	0.000464	1
4	169	0.000464	0
4	202	0.00058	1
4	210	0.00058	0
4	243	0.000696	1
4	251	0.000696	0
4	284	0.000812	1
4	292	0.000812	0
5	6	0	1
5	14	0	0
5	47	0.000116	1
5	55	0.000116	0
5	88	0.000232	1
5	96	0.000232	0
5	121	0.000348	1
5	129	0.000348	0
5	162	0.000464	1
5	170	0.000464	0
5	203	0.00058	1
5	211	0.00058	0
5	244	0.000696	1
5	252	0.000696	0
5	285	0.000812	1
5	293	0.000812	0
6	7	0	1
6	15	0	0
6	48	0.000116	1
6	56	0.000116	0
6	81	0.000232	1
6	89	0.000232	0
6	122	0.000348	1
6	130	0.000348	0
6	163	0.000464	1
6	171	0.000464	0
6	204	0.00058	1
6	212	0.00058	0
6	245	0.000696	1
6	253	0.000696	0
6	286	0.000812	1
6	294	0.000812	0
6	353	2.898760388484	1
6	354	2.898760388484	0
6	373	3.898760388484	1
6	374	3.898760388484	0
6	422	5.773528855839	1
6	423	5.773528855839	0
6	458	6.773528855839	1
6	459	6.773528855839	0
6	485	7.773528855839	1
6	486	7.773528855839	0
6	514	8.773528855839	1
6	515	8.773528855839	0
6	542	9.773528855839	1
6	543	9.773528855839	0
6	569	10.773528855839	1
6	570	10.773528855839	0
6	598	11.773528855839	1
6	599	11.773528855839	0
6	645	13.082064138406	1
6	646	13.082064138406	0
6	669	14.082064138406	1
6	670	14.082064138406	0
6	704	15.082064138406	1
6	705	15.082064138406	0
6	764	16.482540368894	1
6	765	16.482540368894	0
6	788	17.482540368894	1
6	789	17.482540368894	0
6	818	18.482540368894	1
6	819	18.482540368894	0
6	854	19.482540368894	1
6	855	19.482540368894	0
6	881	20.482540368894	1
6	882	20.482540368894	0
6	910	21.482540368894	1
6	911	21.482540368894	0
6	948	23.294639399622	1
6	949	23.294639399622	0
6	966	24.294639399622	1
6	967	24.294639399622	0
6	994	25.541588129362	1
6	995	25.541588129362	0
6	1040	27.155590204255	1
6	1041	27.155590204255	0
6	1063	28.155590204255	1
6	1064	28.155590204255	0
6	1098	29.155590204255	1
6	1099	29.155590204255	0
6	1125	30.155590204255	1
6	1126	30.155590204255	0
6	1155	31.155590204255	1
6	1156	31.155590204255	0
6	1187	32.155590204255	1
6	1188	32.155590204255	0
6	1221	33.155590204255	1
6	1222	33.155590204255	0
6	1252	34.155590204255	1
6	1253	34.155590204255	0
6	1291	35.155590204255	1
6	1292	35.155590204255	0
6	1330	36.155590204255	1
6	1331	36.155590204255	0
6	1366	37.155590204255	1
6	1367	37.155590204255	0
6	1396	38.155590204255	1
6	1397	38.155590204255	0
6	1423	39.155590204255	1
6	1424	39.155590204255	0
6	1456	40.155590204255	1
6	1457	40.155590204255	0
6	1492	41.155590204255	1
6	1493	41.155590204255	0
6	1525	42.155590204255	1
6	1526	42.155590204255	0
6	1561	43.155590204255	1
6	1562	43.155590204255	0
6	1591	44.155590204255	1
6	1592	44.155590204255	0
6	1621	45.155590204255	1
6	1622	45.155590204255	0
6	1651	46.155590204255	1
6	1652	46.155590204255	0
6	1689	47.155590204255	1
6	1690	47.155590204255	0
6	1717	48.155590204255	1
6	1718	48.155590204255	0
6	1756	49.155590204255	1
6	1757	49.155590204255	0
6	1789	50.155590204255	1
6	1790	50.155590204255	0
6	1819	51.155590204255	1
6	1820	51.155590204255	0
6	1846	52.155590204255	1
6	1847	52.155590204255	0
6	1873	53.155590204255	1
6	1874	53.155590204255	0
6	1906	54.155590204255	1
6	1907	54.155590204255	0
6	1942	55.155590204255	1
6	1943	55.155590204255	0
6	1975	56.155590204255	1
6	1976	56.155590204255	0
6	2005	57.155590204255	1
6	2006	57.155590204255	0
6	2038	58.155590204255	1
6	2039	58.155590204255	0
6	2071	59.155590204255	1
6	2072	59.155590204255	0
6	2104	60.155590204255	1
6	2105	60.155590204255	0
6	2144	61.155590204255	1
6	2145	61.155590204255	0
6	2177	62.155590204255	1
6	2178	62.155590204255	0
6	2216	63.155590204255	1
6	2217	63.155590204255	0
6	2246	64.155590204255	1
6	2247	64.155590204255	0
6	2276	65.155590204255	1
6	2277	65.155590204255	0
6	2315	66.155590204255	1
6	2316	66.155590204255	0
6	2345	67.155590204255	1
6	2346	67.155590204255	0
6	2375	68.155590204255	1
6	2376	68.155590204255	0
6	2411	69.155590204255	1
6	2412	69.155590204255	0
6	2438	70.155590204255	1
6	2439	70.155590204255	0
6	2465	71.155590204255	1
6	2466	71.155590204255	0
6	2495	72.155590204255	1
6	2496	72.155590204255	0
6	2524	73.155590204255	1
6	2525	73.155590204255	0
6	2555	74.155590204255	1
6	2556	74.155590204255	0
6	2582	75.155590204255	1
6	2583	75.155590204255	0
6	2612	76.155590204255	1
6	2613	76.155590204255	0
6	2643	77.155590204255	1
6	2644	77.155590204255	0
6	2673	78.155590204255	1
6	2674	78.155590204255	0
6	2698	79.155590204255	1
6	2699	79.155590204255	0
6	2728	80.155590204255	1
6	2729	80.155590204255	0
6	2761	81.155590204255	1
6	2762	81.155590204255	0
6	2794	82.155590204255	1
6	2795	82.155590204255	0
6	2824	83.155590204255	1
6	2825	83.155590204255	0
6	2857	84.155590204255	1
6	2858	84.155590204255	0
6	2890	85.155590204255	1
6	2891	85.155590204255	0
6	2926	86.155590204255	1
6	2927	86.155590204255	0
6	2956	87.155590204255	1
6	2957	87.155590204255	0
6	2992	88.155590204255	1
6	2993	88.155590204255	0
6	3019	89.155590204255	1
6	3020	89.155590204255	0
6	3055	90.155590204255	1
6	3056	90.155590204255	0
6	3088	91.155590204255	1
6	3089	91.155590204255	0
6	3121	92.155590204255	1
6	3122	92.155590204255	0
6	3157	93.155590204255	1
6	3158	93.155590204255	0
6	3187	94.155590204255	1
6	3188	94.155590204255	0
6	3217	95.155590204255	1
6	3218	95.155590204255	0
6	3259	96.155590204255	1
6	3260	96.155590204255	0
6	3295	97.155590204255	1
6	3296	97.155590204255	0
6	3337	98.155590204255	1
6	3338	98.155590204255	0
6	3370	99.155590204255	1
6	3371	99.155590204255	0
6	3403	100.155590204255	1
6	3404	100.155590204255	0
6	3439	101.155590204255	1
6	3440	101.155590204255	0
6	3472	102.155590204255	1
6	3473	102.155590204255	0
6	3499	103.155590204255	1
6	3500	103.155590204255	0
6	3529	104.155590204255	1
6	3530	104.155590204255	0
6	3565	105.155590204255	1
6	3566	105.155590204255	0
6	3598	106.155590204255	1
6	3599	106.155590204255	0
6	3631	107.155590204255	1
6	3632	107.155590204255	0
6	3661	108.155590204255	1
6	3662	108.155590204255	0
6	3688	109.155590204255	1
6	3689	109.155590204255	0
6	3718	110.155590204255	1
6	3719	110.155590204255	0
6	3757	111.155590204255	1
6	3758	111.155590204255	0
6	3784	112.155590204255	1
6	3785	112.155590204255	0
6	3814	113.155590204255	1
6	3815	113.155590204255	0
6	3847	114.155590204255	1
6	3848	114.155590204255	0
6	3880	115.155590204255	1
6	3881	115.155590204255	0
6	3910	116.155590204255	1
6	3911	116.155590204255	0
6	3946	117.155590204255	1
6	3947	117.155590204255	0
6	3979	118.155590204255	1
6	3980	118.155590204255	0
6	4012	119.155590204255	1
6	4013	119.155590204255	0
6	4042	120.155590204255	1
6	4043	120.155590204255	0
6	4069	121.155590204255	1
6	4070	121.155590204255	0
6	4099	122.155590204255	1
6	4100	122.155590204255	0
6	4132	123.155590204255	1
6	4133	123.155590204255	0
6	4165	124.155590204255	1
6	4166	124.155590204255	0
6	4201	125.155590204255	1
6	4202	125.155590204255	0
6	4231	126.155590204255	1
6	4232	126.155590204255	0
6	4264	127.155590204255	1
6	4265	127.155590204255	0
6	4298	128.155590204255	1
6	4299	128.155590204255	0
6	4337	129.155590204255	1
6	4338	129.155590204255	0
6	4370	130.155590204255	1
6	4371	130.155590204255	0
6	4409	131.155590204255	1
6	4410	131.155590204255	0
6	4442	132.155590204255	1
6	4443	132.155590204255	0
6	4481	133.155590204255	1
6	4482	133.155590204255	0
6	4514	134.155590204255	1
6	4515	134.155590204255	0
6	4550	135.155590204255	1
6	4551	135.155590204255	0
6	4586	136.155590204255	1
6	4587	136.155590204255	0
6	4619	137.155590204255	1
6	4620	137.155590204255	0
6	4652	138.155590204255	1
6	4653	138.155590204255	0
6	4685	139.155590204255	1
6	4686	139.155590204255	0
6	4718	140.155590204255	1
6	4719	140.155590204255	0
6	4757	141.155590204255	1
6	4758	141.155590204255	0
6	4784	142.155590204255	1
6	4785	142.155590204255	0
6	4811	143.155590204255	1
6	4812	143.155590204255	0
6	4844	144.155590204255	1
6	4845	144.155590204255	0
6	4874	145.155590204255	1
6	4875	145.155590204255	0
6	4907	146.155590204255	1
6	4908	146.155590204255	0
6	4949	147.155590204255	1
6	4950	147.155590204255	0
6	4976	148.155590204255	1
6	4977	148.155590204255	0
6	5012	149.155590204255	1
6	5013	149.155590204255	0
6	5039	150.155590204255	1
6	5040	150.155590204255	0
6	5072	151.155590204255	1
6	5073	151.155590204255	0
6	5099	152.155590204255	1
6	5100	152.155590204255	0
6	5126	153.155590204255	1
6	5127	153.155590204255	0
6	5156	154.155590204255	1
6	5157	154.155590204255	0
6	5183	155.155590204255	1
6	5184	155.155590204255	0
6	5222	156.155590204255	1
6	5223	156.155590204255	0
6	5261	157.155590204255	1
6	5262	157.155590204255	0
6	5288	158.155590204255	1
6	5289	158.155590204255	0
6	5321	159.155590204255	1
6	5322	159.155590204255	0
6	5348	160.155590204255	1
6	5349	160.155590204255	0
6	5393	161.155590204255	1
6	5394	161.155590204255	0
6	5426	162.155590204255	1
6	5427	162.155590204255	0
6	5459	163.155590204255	1
6	5460	163.155590204255	0
6	5489	164.155590204255	1
6	5490	164.155590204255	0
6	5519	165.155590204255	1
6	5520	165.155590204255	0
6	5558	166.155590204255	1
6	5559	166.155590204255	0
6	5585	167.155590204255	1
6	5586	167.155590204255	0
6	5618	168.155590204255	1
6	5619	168.155590204255	0
6	5645	169.155590204255	1
6	5646	169.155590204255	0
6	5687	170.155590204255	1
6	5688	170.155590204255	0
6	5717	171.155590204255	1
6	5718	171.155590204255	0
6	5744	172.155590204255	1
6	5745	172.155590204255	0
6	5780	173.155590204255	1
6	5781	173.155590204255	0
6	5813	174.155590204255	1
6	5814	174.155590204255	0
6	5864	175.155590204255	1
6	5865	175.155590204255	0
6	5897	176.155590204255	1
6	5898	176.155590204255	0
6	5930	177.155590204255	1
6	5931	177.155590204255	0
6	5960	178.155590204255	1
6	5961	178.155590204255	0
6	5987	179.155590204255	1
6	5988	179.155590204255	0
6	6017	180.155590204255	1
6	6018	180.155590204255	0
6	6050	181.155590204255	1
6	6051	181.155590204255	0
6	6089	182.155590204255	1
6	6090	182.155590204255	0
6	6125	183.155590204255	1
6	6126	183.155590204255	0
6	6158	184.155590204255	1
6	6159	184.155590204255	0
6	6191	185.155590204255	1
6	6192	185.155590204255	0
6	6218	186.155590204255	1
6	6219	186.155590204255	0
6	6245	187.155590204255	1
6	6246	187.155590204255	0
6	6278	188.155590204255	1
6	6279	188.155590204255	0
6	6311	189.155590204255	1
6	6312	189.155590204255	0
6	6344	190.155590204255	1
6	6345	190.155590204255	0
6	6374	191.155590204255	1
6	6375	191.155590204255	0
6	6404	192.155590204255	1
6	6405	192.155590204255	0
6	6434	193.155590204255	1
6	6435	193.155590204255	0
6	6467	194.155590204255	1
6	6468	194.155590204255	0
6	6503	195.155590204255	1
6	6504	195.155590204255	0
6	6545	196.155590204255	1
6	6546	196.155590204255	0
6	6575	197.155590204255	1
6	6576	197.155590204255	0
6	6605	198.155590204255	1
6	6606	198.155590204255	0
6	6634	199.155590204255	1
6	6635	199.155590204255	0
7	8	0	1
7	16	0	0
7	41	0.000116	1
7	49	0.000116	0
7	82	0.000232	1
7	90	0.000232	0
7	123	0.000348	1
7	131	0.000348	0
7	164	0.000464	1
7	172	0.000464	0
7	205	0.00058	1
7	213	0.00058	0
7	246	0.000696	1
7	254	0.000696	0
7	287	0.000812	1
7	295	0.000812	0
7	335	1.898660388484	1
7	336	1.898660388484	0
7	349	2.898660388484	1
7	350	2.898660388484	0
7	388	4.773428855839	1
7	389	4.773428855839	0
7	418	5.773428855839	1
7	419	5.773428855839	0
7	453	6.773428855839	1
7	454	6.773428855839	0
7	480	7.773428855839	1
7	481	7.773428855839	0
7	509	8.773428855839	1
7	510	8.773428855839	0
7	537	9.773428855839	1
7	538	9.773428855839	0
7	564	10.773428855839	1
7	565	10.773428855839	0
7	609	12.081964138406	1
7	610	12.081964138406	0
7	641	13.081964138406	1
7	642	13.081964138406	0
7	664	14.081964138406	1
7	665	14.081964138406	0
7	731	15.482440368894	1
7	732	15.482440368894	0
7	760	16.482440368894	1
7	761	16.482440368894	0
7	783	17.482440368894	1
7	784	17.482440368894	0
7	813	18.482440368894	1
7	814	18.482440368894	0
7	849	19.482440368894	1
7	850	19.482440368894	0
7	876	20.482440368894	1
7	877	20.482440368894	0
7	921	22.294539399622	1
7	922	22.294539399622	0
7	944	23.294539399622	1
7	945	23.294539399622	0
7	977	24.541488129362	1
7	978	24.541488129362	0
7	1010	26.155490204255	1
7	1011	26.155490204255	0
7	1036	27.155490204255	1
7	1037	27.155490204255	0
7	1058	28.155490204255	1
7	1059	28.155490204255	0
7	1093	29.155490204255	1
7	1094	29.155490204255	0
7	1120	30.155490204255	1
7	1121	30.155490204255	0
7	1150	31.155490204255	1
7	1151	31.155490204255	0
7	1182	32.155490204255	1
7	1183	32.155490204255	0
7	1216	33.155490204255	1
7	1217	33.155490204255	0
7	1247	34.155490204255	1
7	1248	34.155490204255	0
7	1286	35.155490204255	1
7	1287	35.155490204255	0
7	1325	36.155490204255	1
7	1326	36.155490204255	0
7	1361	37.155490204255	1
7	1362	37.155490204255	0
7	1391	38.155490204255	1
7	1392	38.155490204255	0
7	1418	39.155490204255	1
7	1419	39.155490204255	0
7	1451	40.155490204255	1
7	1452	40.155490204255	0
7	1487	41.155490204255	1
7	1488	41.155490204255	0
7	1520	42.155490204255	1
7	1521	42.155490204255	0
7	1556	43.155490204255	1
7	1557	43.155490204255	0
7	1586	44.155490204255	1
7	1587	44.155490204255	0
7	1616	45.155490204255	1
7	1617	45.155490204255	0
7	1646	46.155490204255	1
7	1647	46.155490204255	0
7	1684	47.155490204255	1
7	1685	47.155490204255	0
7	1712	48.155490204255	1
7	1713	48.155490204255	0
7	1751	49.155490204255	1
7	1752	49.155490204255	0
7	1784	50.155490204255	1
7	1785	50.155490204255	0
7	1814	51.155490204255	1
7	1815	51.155490204255	0
7	1841	52.155490204255	1
7	1842	52.155490204255	0
7	1868	53.155490204255	1
7	1869	53.155490204255	0
7	1901	54.155490204255	1
7	1902	54.155490204255	0
7	1937	55.155490204255	1
7	1938	55.155490204255	0
7	1970	56.155490204255	1
7	1971	56.155490204255	0
7	2000	57.155490204255	1
7	2001	57.155490204255	0
7	2033	58.155490204255	1
7	2034	58.155490204255	0
7	2066	59.155490204255	1
7	2067	59.155490204255	0
7	2099	60.155490204255	1
7	2100	60.155490204255	0
7	2139	61.155490204255	1
7	2140	61.155490204255	0
7	2172	62.155490204255	1
7	2173	62.155490204255	0
7	2211	63.155490204255	1
7	2212	63.155490204255	0
7	2241	64.155490204255	1
7	2242	64.155490204255	0
7	2271	65.155490204255	1
7	2272	65.155490204255	0
7	2310	66.155490204255	1
7	2311	66.155490204255	0
7	2340	67.155490204255	1
7	2341	67.155490204255	0
7	2370	68.155490204255	1
7	2371	68.155490204255	0
7	2406	69.155490204255	1
7	2407	69.155490204255	0
7	2433	70.155490204255	1
7	2434	70.155490204255	0
7	2460	71.155490204255	1
7	2461	71.155490204255	0
7	2490	72.155490204255	1
7	2491	72.155490204255	0
7	2519	73.155490204255	1
7	2520	73.155490204255	0
7	2550	74.155490204255	1
7	2551	74.155490204255	0
7	2577	75.155490204255	1
7	2578	75.155490204255	0
7	2607	76.155490204255	1
7	2608	76.155490204255	0
7	2638	77.155490204255	1
7	2639	77.155490204255	0
7	2668	78.155490204255	1
7	2669	78.155490204255	0
7	2693	79.155490204255	1
7	2694	79.155490204255	0
7	2723	80.155490204255	1
7	2724	80.155490204255	0
7	2756	81.155490204255	1
7	2757	81.155490204255	0
7	2789	82.155490204255	1
7	2790	82.155490204255	0
7	2819	83.155490204255	1
7	2820	83.155490204255	0
7	2852	84.155490204255	1
7	2853	84.155490204255	0
7	2885	85.155490204255	1
7	2886	85.155490204255	0
7	2921	86.155490204255	1
7	2922	86.155490204255	0
7	2951	87.155490204255	1
7	2952	87.155490204255	0
7	2987	88.155490204255	1
7	2988	88.155490204255	0
7	3014	89.155490204255	1
7	3015	89.155490204255	0
7	3050	90.155490204255	1
7	3051	90.155490204255	0
7	3083	91.155490204255	1
7	3084	91.155490204255	0
7	3116	92.155490204255	1
7	3117	92.155490204255	0
7	3152	93.155490204255	1
7	3153	93.155490204255	0
7	3182	94.155490204255	1
7	3183	94.155490204255	0
7	3212	95.155490204255	1
7	3213	95.155490204255	0
7	3254	96.155490204255	1
7	3255	96.155490204255	0
7	3290	97.155490204255	1
7	3291	97.155490204255	0
7	3332	98.155490204255	1
7	3333	98.155490204255	0
7	3365	99.155490204255	1
7	3366	99.155490204255	0
7	3398	100.155490204255	1
7	3399	100.155490204255	0
7	3434	101.155490204255	1
7	3435	101.155490204255	0
7	3467	102.155490204255	1
7	3468	102.155490204255	0
7	3494	103.155490204255	1
7	3495	103.155490204255	0
7	3524	104.155490204255	1
7	3525	104.155490204255	0
7	3560	105.155490204255	1
7	3561	105.155490204255	0
7	3593	106.155490204255	1
7	3594	106.155490204255	0
7	3626	107.155490204255	1
7	3627	107.155490204255	0
7	3656	108.155490204255	1
7	3657	108.155490204255	0
7	3683	109.155490204255	1
7	3684	109.155490204255	0
7	3713	110.155490204255	1
7	3714	110.155490204255	0
7	3752	111.155490204255	1
7	3753	111.155490204255	0
7	3779	112.155490204255	1
7	3780	112.155490204255	0
7	3809	113.155490204255	1
7	3810	113.155490204255	0
7	3842	114.155490204255	1
7	3843	114.155490204255	0
7	3875	115.155490204255	1
7	3876	115.155490204255	0
7	3905	116.155490204255	1
7	3906	116.155490204255	0
7	3941	117.155490204255	1
7	3942	117.155490204255	0
7	3974	118.155490204255	1
7	3975	118.155490204255	0
7	4007	119.155490204255	1
7	4008	119.155490204255	0
7	4037	120.155490204255	1
7	4038	120.155490204255	0
7	4064	121.155490204255	1
7	4065	121.155490204255	0
7	4094	122.155490204255	1
7	4095	122.155490204255	0
7	4127	123.155490204255	1
7	4128	123.155490204255	0
7	4160	124.155490204255	1
7	4161	124.155490204255	0
7	4196	125.155490204255	1
7	4197	125.155490204255	0
7	4226	126.155490204255	1
7	4227	126.155490204255	0
7	4259	127.155490204255	1
7	4260	127.155490204255	0
7	4293	128.155490204255	1
7	4294	128.155490204255	0
7	4332	129.155490204255	1
7	4333	129.155490204255	0
7	4365	130.155490204255	1
7	4366	130.155490204255	0
7	4404	131.155490204255	1
7	4405	131.155490204255	0
7	4437	132.155490204255	1
7	4438	132.155490204255	0
7	4476	133.155490204255	1
7	4477	133.155490204255	0
7	4509	134.155490204255	1
7	4510	134.155490204255	0
7	4545	135.155490204255	1
7	4546	135.155490204255	0
7	4581	136.155490204255	1
7	4582	136.155490204255	0
7	4614	137.155490204255	1
7	4615	137.155490204255	0
7	4647	138.155490204255	1
7	4648	138.155490204255	0
7	4680	139.155490204255	1
7	4681	139.155490204255	0
7	4713	140.155490204255	1
7	4714	140.155490204255	0
7	4752	141.155490204255	1
7	4753	141.155490204255	0
7	4779	142.155490204255	1
7	4780	142.155490204255	0
7	4806	143.155490204255	1
7	4807	143.155490204255	0
7	4839	144.155490204255	1
7	4840	144.155490204255	0
7	4869	145.155490204255	1
7	4870	145.155490204255	0
7	4902	146.155490204255	1
7	4903	146.155490204255	0
7	4944	147.155490204255	1
7	4945	147.155490204255	0
7	4971	148.155490204255	1
7	4972	148.155490204255	0
7	5007	149.155490204255	1
7	5008	149.155490204255	0
7	5034	150.155490204255	1
7	5035	150.155490204255	0
7	5067	151.155490204255	1
7	5068	151.155490204255	0
7	5094	152.155490204255	1
7	5095	152.155490204255	0
7	5121	153.155490204255	1
7	5122	153.155490204255	0
7	5151	154.155490204255	1
7	5152	154.155490204255	0
7	5178	155.155490204255	1
7	5179	155.155490204255	0
7	5217	156.155490204255	1
7	5218	156.155490204255	0
7	5256	157.155490204255	1
7	5257	157.155490204255	0
7	5283	158.155490204255	1
7	5284	158.155490204255	0
7	5316	159.155490204255	1
7	5317	159.155490204255	0
7	5343	160.155490204255	1
7	5344	160.155490204255	0
7	5388	161.155490204255	1
7	5389	161.155490204255	0
7	5421	162.155490204255	1
7	5422	162.155490204255	0
7	5454	163.155490204255	1
7	5455	163.155490204255	0
7	5484	164.155490204255	1
7	5485	164.155490204255	0
7	5514	165.155490204255	1
7	5515	165.155490204255	0
7	5553	166.155490204255	1
7	5554	166.155490204255	0
7	5580	167.155490204255	1
7	5581	167.155490204255	0
7	5613	168.155490204255	1
7	5614	168.155490204255	0
7	5640	169.155490204255	1
7	5641	169.155490204255	0
7	5682	170.155490204255	1
7	5683	170.155490204255	0
7	5712	171.155490204255	1
7	5713	171.155490204255	0
7	5739	172.155490204255	1
7	5740	172.155490204255	0
7	5775	173.155490204255	1
7	5776	173.155490204255	0
7	5808	174.155490204255	1
7	5809	174.155490204255	0
7	5859	175.155490204255	1
7	5860	175.155490204255	0
7	5892	176.155490204255	1
7	5893	176.155490204255	0
7	5925	177.155490204255	1
7	5926	177.155490204255	0
7	5955	178.155490204255	1
7	5956	178.155490204255	0
7	5982	179.155490204255	1
7	5983	179.155490204255	0
7	6012	180.155490204255	1
7	6013	180.155490204255	0
7	6045	181.155490204255	1
7	6046	181.155490204255	0
7	6084	182.155490204255	1
7	6085	182.155490204255	0
7	6120	183.155490204255	1
7	6121	183.155490204255	0
7	6153	184.155490204255	1
7	6154	184.155490204255	0
7	6186	185.155490204255	1
7	6187	185.155490204255	0
7	6213	186.155490204255	1
7	6214	186.155490204255	0
7	6240	187.155490204255	1
7	6241	187.155490204255	0
7	6273	188.155490204255	1
7	6274	188.155490204255	0
7	6306	189.155490204255	1
7	6307	189.155490204255	0
7	6339	190.155490204255	1
7	6340	190.155490204255	0
7	6369	191.155490204255	1
7	6370	191.155490204255	0
7	6399	192.155490204255	1
7	6400	192.155490204255	0
7	6429	193.155490204255	1
7	6430	193.155490204255	0
7	6462	194.155490204255	1
7	6463	194.155490204255	0
7	6498	195.155490204255	1
7	6499	195.155490204255	0
7	6540	196.155490204255	1
7	6541	196.155490204255	0
7	6570	197.155490204255	1
7	6571	197.155490204255	0
7	6600	198.155490204255	1
7	6601	198.155490204255	0
7	6629	199.155490204255	1
7	6630	199.155490204255	0
8	330	1.859604212075	1
8	331	1.859604212075	0
8	339	2.646805352057	1
8	340	2.859604212075	0
8	383	4.52576940626	1
8	384	4.52576940626	0
8	412	5.563928706924	1
8	413	5.563928706924	0
8	432	6.139447903807	1
8	444	6.563928706924	0
8	492	8.362972325843	1
8	493	8.362972325843	0
8	504	8.681328466685	1
8	521	9.164930571633	2
8	522	9.362972325843	1
8	549	9.814376919884	2
8	550	10.362972325843	1
8	578	11.362972325843	0
8	593	11.486588120209	1
8	613	12.14047068743	2
8	614	12.362972325843	1
8	629	12.639342696446	2
8	647	13.362972325843	1
8	674	14.362972325843	0
8	711	15.237596782295	1
8	714	15.258022370694	2
8	715	15.362972325843	1
8	735	15.717270507949	2
8	743	16.362972325843	1
8	766	17.362972325843	0
8	795	17.504758171388	1
8	796	18.362972325843	0
8	825	19.010542430025	1
8	828	19.16177328369	2
8	832	19.362972325843	1
8	859	20.362972325843	0
8	888	21.202087541632	1
8	893	21.362972325843	0
8	981	25.047309410774	1
8	982	25.047309410774	0
8	998	25.666238870401	1
8	1002	26.047309410774	0
8	1044	27.182774844391	1
8	1045	27.182774844391	0
8	1075	28.20420671874	1
8	1076	28.20420671874	0
8	1088	29.076527913782	1
8	1108	29.20420671874	0
8	1176	31.970948391769	1
8	1177	31.970948391769	0
8	1203	32.6126430938	1
8	1207	32.970948391769	0
8	1241	34.100897919552	1
8	1242	34.100897919552	0
8	1259	34.344946410289	1
8	1277	35.100897919552	0
8	1301	35.185281115901	1
8	1304	35.347417605347	2
8	1308	36.100897919552	1
8	1337	36.294414282522	2
8	1344	37.100897919552	1
8	1373	37.25396225989	2
8	1374	38.100897919552	1
8	1401	39.100897919552	0
8	1430	39.582875634104	1
8	1434	40.100897919552	0
8	1466	40.728014588804	1
8	1470	41.100897919552	0
8	1502	41.677509172301	1
8	1503	42.100897919552	0
8	1532	42.873616971758	1
8	1535	42.978178197533	2
8	1538	43.040293487999	3
8	1539	43.100897919552	2
8	1569	44.100897919552	1
8	1599	45.100897919552	0
8	1658	46.540507172454	1
8	1659	46.540507172454	0
8	1662	46.727933238472	1
8	1665	46.964139944555	2
8	1696	47.407543973176	3
8	1697	47.540507172454	2
8	1704	47.786505937459	3
8	1725	48.540507172454	2
8	1737	48.72256749723	3
8	1743	49.115680054534	4
8	1746	49.154863210947	5
8	1761	49.540507172454	4
8	1776	49.732187521754	5
8	1794	50.540507172454	4
8	1809	50.738058526921	5
8	1824	51.540507172454	4
8	1851	52.540507172454	3
8	1878	53.540507172454	2
8	1893	53.931005168975	3
8	1896	54.038640277131	4
8	1917	54.540507172454	3
8	1932	55.096466690483	4
8	1949	55.272380235909	5
8	1953	55.540507172454	4
8	1980	56.540507172454	3
8	2013	57.540507172454	2
8	2046	58.540507172454	1
8	2079	59.540507172454	0
8	2124	60.632480586152	1
8	2125	60.632480586152	0
8	2131	60.805608042298	1
8	2134	60.92256345209	2
8	2160	61.632480586152	1
8	2167	62.045731753623	2
8	2190	62.427287596997	3
8	2194	62.632480586152	2
8	2206	62.646168193504	3
8	2221	63.632480586152	2
8	2254	64.632480586152	1
8	2284	65.632480586152	0
8	2299	65.633358085356	1
8	2302	65.647022663787	2
8	2305	65.749167545312	3
8	2320	66.632480586152	2
8	2335	66.724269479468	3
8	2353	67.632480586152	2
8	2388	68.544088398752	3
8	2389	68.632480586152	2
8	2416	69.632480586152	1
8	2443	70.632480586152	0
8	2502	72.293119858336	1
8	2503	72.293119858336	0
8	2514	72.925456454732	1
8	2529	73.293119858336	0
8	2539	73.638040048065	1
8	2560	74.293119858336	0
8	2653	77.399967332569	1
8	2654	77.399967332569	0
8	2660	77.732377573533	1
8	2663	77.860434338844	2
8	2680	78.305853800764	3
8	2681	78.399967332569	2
8	2688	78.657029890145	3
8	2705	79.312676174509	4
8	2706	79.399967332569	3
8	2718	79.439064810934	4
8	2733	80.399967332569	3
8	2748	80.605938337483	4
8	2751	80.988639286345	5
8	2766	81.399967332569	4
8	2799	82.399967332569	3
8	2814	83.112876483347	4
8	2831	83.179173884829	5
8	2832	83.399967332569	4
8	2847	83.423569332911	5
8	2862	84.399967332569	4
8	2880	84.602758859976	5
8	2895	85.399967332569	4
8	2913	85.438856391946	5
8	2916	85.747271232044	6
8	2931	86.399967332569	5
8	2946	86.458519169261	6
8	2963	87.199278119708	7
8	2964	87.399967332569	6
8	2997	88.399967332569	5
8	3024	89.399967332569	4
8	3039	89.684860476685	5
8	3060	90.399967332569	4
8	3075	90.542756117759	5
8	3078	90.868096533288	6
8	3095	91.251656747387	7
8	3098	91.261057498051	8
8	3099	91.399967332569	7
8	3128	92.361903408142	8
8	3129	92.399967332569	7
8	3162	93.399967332569	6
8	3194	94.209231059144	7
8	3195	94.399967332569	6
8	3225	95.399967332569	5
8	3246	96.050513530631	6
8	3264	96.399967332569	5
8	3279	96.557713653888	6
8	3305	97.362511053689	7
8	3306	97.399967332569	6
8	3321	97.824241949733	7
8	3324	97.828948490225	8
8	3327	97.987289996456	9
8	3342	98.399967332569	8
8	3360	99.119924138428	9
8	3375	99.399967332569	8
8	3390	99.434645799283	9
8	3408	100.399967332569	8
8	3423	100.65115445272	9
8	3426	100.991501190955	10
8	3444	101.399967332569	9
8	3477	102.399967332569	8
8	3507	103.399967332569	7
8	3539	104.26664436867	8
8	3540	104.399967332569	7
8	3572	105.163235239456	8
8	3573	105.399967332569	7
8	3588	106.01245605102	8
8	3603	106.399967332569	7
8	3621	107.031114781039	8
8	3639	107.399967332569	7
8	3666	108.399967332569	6
8	3695	109.252621679513	7
8	3696	109.399967332569	6
8	3728	110.392229643046	7
8	3729	110.399967332569	6
8	3747	110.988609037376	7
8	3762	111.399967332569	6
8	3789	112.399967332569	5
8	3819	113.399967332569	4
8	3852	114.399967332569	3
8	3870	114.83161562062	4
8	3885	115.399967332569	3
8	3915	116.399967332569	2
8	3933	116.512537825166	3
8	3951	117.399967332569	2
8	3966	117.63781984201	3
8	3969	117.92523031808	4
8	3984	118.399967332569	3
8	3999	118.795766144406	4
8	4019	119.171504986813	5
8	4020	119.399967332569	4
8	4047	120.399967332569	3
8	4077	121.399967332569	2
8	4107	122.399967332569	1
8	4122	122.535875439864	2
8	4140	123.399967332569	1
8	4155	123.827784708665	2
8	4173	124.399967332569	1
8	4188	124.523584169565	2
8	4209	125.399967332569	1
8	4236	126.399967332569	0
8	4287	127.649052527223	1
8	4288	127.649052527223	0
8	4316	128.58145540763	1
8	4319	128.600835188978	2
8	4320	128.649052527223	1
8	4344	129.235962904609	2
8	4351	129.649052527223	1
8	4377	130.495006421873	2
8	4381	130.649052527223	1
8	4396	130.834671154455	2
8	4416	131.318306841044	3
8	4417	131.649052527223	2
8	4450	132.649052527223	1
8	4465	132.701286047581	2
8	4468	132.846860026029	3
8	4471	132.955407124524	4
8	4488	133.309631256769	5
8	4491	133.406554011346	6
8	4492	133.649052527223	5
8	4521	134.250442483937	6
8	4525	134.649052527223	5
8	4540	134.687470497711	6
8	4560	135.49002248347	7
8	4563	135.524225901828	8
8	4564	135.649052527223	7
8	4596	136.583235287209	8
8	4597	136.649052527223	7
8	4626	137.639084895869	8
8	4627	137.649052527223	7
8	4642	138.026214988018	8
8	4659	138.590825489139	9
8	4660	138.649052527223	8
8	4675	138.840906984117	9
8	4690	139.649052527223	8
8	4729	140.649052527223	7
8	4747	141.109540976809	8
8	4762	141.649052527223	7
8	4789	142.649052527223	6
8	4818	143.334455634034	7
8	4821	143.636021547257	8
8	4822	143.649052527223	7
8	4849	144.649052527223	6
8	4881	145.276919125184	7
8	4882	145.649052527223	6
8	4917	146.493938620521	7
8	4923	146.598820456121	8
8	4924	146.649052527223	7
8	4939	147.033166112065	8
8	4954	147.649052527223	7
8	4983	148.285773636977	8
8	4984	148.649052527223	7
8	4999	148.9192362547	8
8	5017	149.649052527223	7
8	5044	150.649052527223	6
8	5077	151.649052527223	5
8	5104	152.649052527223	4
8	5134	153.649052527223	3
8	5161	154.649052527223	2
8	5194	155.649052527223	1
8	5209	155.684626774637	2
8	5229	156.394544701861	3
8	5232	156.577083303744	4
8	5233	156.649052527223	3
8	5251	156.709267013359	4
8	5266	157.649052527223	3
8	5298	158.593195899945	4
8	5299	158.649052527223	3
8	5326	159.649052527223	2
8	5358	160.239915001272	3
8	5359	160.649052527223	2
8	5380	161.081795963004	3
8	5383	161.115582748556	4
8	5400	161.187258132869	5
8	5404	161.649052527223	4
8	5434	162.649052527223	3
8	5467	163.649052527223	2
8	5497	164.649052527223	1
8	5526	165.237104971674	2
8	5529	165.289017523857	3
8	5533	165.649052527223	2
8	5563	166.649052527223	1
8	5592	167.301790260063	2
8	5595	167.318558026055	3
8	5596	167.649052527223	2
8	5623	168.649052527223	1
8	5652	169.255135263546	2
8	5655	169.517464572712	3
8	5658	169.52924780463	4
8	5662	169.649052527223	3
8	5692	170.649052527223	2
8	5707	170.977041886618	3
8	5722	171.649052527223	2
8	5751	172.286340250641	3
8	5752	172.649052527223	2
8	5788	173.649052527223	1
8	5803	173.672631602662	2
8	5823	174.345092119496	3
8	5830	174.649052527223	2
8	5845	174.759071042169	3
8	5848	174.77776651259	4
8	5854	174.965285463793	5
8	5871	175.587882807771	6
8	5872	175.649052527223	5
8	5887	175.841388512914	6
8	5905	176.649052527223	5
8	5935	177.649052527223	4
8	5950	177.917419573357	5
8	5965	178.649052527223	4
8	5992	179.649052527223	3
8	6024	180.549638435906	4
8	6028	180.649052527223	3
8	6061	181.649052527223	2
8	6076	181.768435239249	3
8	6079	181.948392580801	4
8	6096	182.641592350339	5
8	6097	182.649052527223	4
8	6132	183.613074508434	5
8	6133	183.649052527223	4
8	6166	184.649052527223	3
8	6181	184.814045414976	4
8	6196	185.649052527223	3
8	6223	186.649052527223	2
8	6252	187.535393670889	3
8	6253	187.649052527223	2
8	6268	187.846361475859	3
8	6283	188.649052527223	2
8	6298	188.798191183401	3
8	6316	189.649052527223	2
8	6334	189.934787678658	3
8	6349	190.649052527223	2
8	6364	190.826166255568	3
8	6379	191.649052527223	2
8	6411	192.215843319344	3
8	6412	192.649052527223	2
8	6445	193.649052527223	1
8	6475	194.649052527223	0
8	6513	195.553777653198	1
8	6517	195.649052527223	0
8	6532	195.759809701681	1
8	6550	196.649052527223	0
8	6612	198.64888529358	1
8	6613	198.64888529358	0
8	6641	199.323129863216	1
8	6644	199.581142627156	2
8	6645	199.64888529358	1
9	343	2.859704212075	1
9	344	2.859704212075	0
9	363	3.859704212075	1
9	364	3.859704212075	0
9	408	5.52586940626	1
9	409	5.52586940626	0
9	447	6.564028706924	1
9	448	6.564028706924	0
9	470	7.564028706924	1
9	471	7.564028706924	0
9	525	9.363072325843	1
9	526	9.363072325843	0
9	554	10.363072325843	1
9	555	10.363072325843	0
9	582	11.363072325843	1
9	583	11.363072325843	0
9	618	12.363072325843	1
9	619	12.363072325843	0
9	651	13.363072325843	1
9	652	13.363072325843	0
9	678	14.363072325843	1
9	679	14.363072325843	0
9	719	15.363072325843	1
9	720	15.363072325843	0
9	747	16.363072325843	1
9	748	16.363072325843	0
9	770	17.363072325843	1
9	771	17.363072325843	0
9	800	18.363072325843	1
9	801	18.363072325843	0
9	836	19.363072325843	1
9	837	19.363072325843	0
9	863	20.363072325843	1
9	864	20.363072325843	0
9	897	21.363072325843	1
9	898	21.363072325843	0
9	927	22.363072325843	1
9	928	22.363072325843	0
9	1005	26.047409410774	1
9	1006	26.047409410774	0
9	1023	27.047409410774	1
9	1024	27.047409410774	0
9	1071	28.182874844391	1
9	1072	28.182874844391	0
9	1111	29.20430671874	1
9	1112	29.20430671874	0
9	1137	30.20430671874	1
9	1138	30.20430671874	0
9	1210	32.971048391769	1
9	1211	32.971048391769	0
9	1230	33.971048391769	1
9	1231	33.971048391769	0
9	1280	35.100997919552	1
9	1281	35.100997919552	0
9	1312	36.100997919552	1
9	1313	36.100997919552	0
9	1348	37.100997919552	1
9	1349	37.100997919552	0
9	1378	38.100997919552	1
9	1379	38.100997919552	0
9	1405	39.100997919552	1
9	1406	39.100997919552	0
9	1438	40.100997919552	1
9	1439	40.100997919552	0
9	1474	41.100997919552	1
9	1475	41.100997919552	0
9	1507	42.100997919552	1
9	1508	42.100997919552	0
9	1543	43.100997919552	1
9	1544	43.100997919552	0
9	1573	44.100997919552	1
9	1574	44.100997919552	0
9	1603	45.100997919552	1
9	1604	45.100997919552	0
9	1633	46.100997919552	1
9	1634	46.100997919552	0
9	1700	47.540607172454	1
9	1701	47.540607172454	0
9	1729	48.540607172454	1
9	1730	48.540607172454	0
9	1765	49.540607172454	1
9	1766	49.540607172454	0
9	1798	50.540607172454	1
9	1799	50.540607172454	0
9	1828	51.540607172454	1
9	1829	51.540607172454	0
9	1855	52.540607172454	1
9	1856	52.540607172454	0
9	1882	53.540607172454	1
9	1883	53.540607172454	0
9	1921	54.540607172454	1
9	1922	54.540607172454	0
9	1957	55.540607172454	1
9	1958	55.540607172454	0
9	1984	56.540607172454	1
9	1985	56.540607172454	0
9	2017	57.540607172454	1
9	2018	57.540607172454	0
9	2050	58.540607172454	1
9	2051	58.540607172454	0
9	2083	59.540607172454	1
9	2084	59.540607172454	0
9	2113	60.540607172454	1
9	2114	60.540607172454	0
9	2163	61.632580586152	1
9	2164	61.632580586152	0
9	2198	62.632580586152	1
9	2199	62.632580586152	0
9	2225	63.632580586152	1
9	2226	63.632580586152	0
9	2258	64.632580586152	1
9	2259	64.632580586152	0
9	2288	65.632580586152	1
9	2289	65.632580586152	0
9	2324	66.632580586152	1
9	2325	66.632580586152	0
9	2357	67.632580586152	1
9	2358	67.632580586152	0
9	2393	68.632580586152	1
9	2394	68.632580586152	0
9	2420	69.632580586152	1
9	2421	69.632580586152	0
9	2447	70.632580586152	1
9	2448	70.632580586152	0
9	2474	71.632580586152	1
9	2475	71.632580586152	0
9	2532	73.293219858336	1
9	2533	73.293219858336	0
9	2564	74.293219858336	1
9	2565	74.293219858336	0
9	2591	75.293219858336	1
9	2592	75.293219858336	0
9	2684	78.400067332569	1
9	2685	78.400067332569	0
9	2710	79.400067332569	1
9	2711	79.400067332569	0
9	2737	80.400067332569	1
9	2738	80.400067332569	0
9	2770	81.400067332569	1
9	2771	81.400067332569	0
9	2803	82.400067332569	1
9	2804	82.400067332569	0
9	2836	83.400067332569	1
9	2837	83.400067332569	0
9	2866	84.400067332569	1
9	2867	84.400067332569	0
9	2899	85.400067332569	1
9	2900	85.400067332569	0
9	2935	86.400067332569	1
9	2936	86.400067332569	0
9	2968	87.400067332569	1
9	2969	87.400067332569	0
9	3001	88.400067332569	1
9	3002	88.400067332569	0
9	3028	89.400067332569	1
9	3029	89.400067332569	0
9	3064	90.400067332569	1
9	3065	90.400067332569	0
9	3103	91.400067332569	1
9	3104	91.400067332569	0
9	3133	92.400067332569	1
9	3134	92.400067332569	0
9	3166	93.400067332569	1
9	3167	93.400067332569	0
9	3199	94.400067332569	1
9	3200	94.400067332569	0
9	3229	95.400067332569	1
9	3230	95.400067332569	0
9	3268	96.400067332569	1
9	3269	96.400067332569	0
9	3310	97.400067332569	1
9	3311	97.400067332569	0
9	3346	98.400067332569	1
9	3347	98.400067332569	0
9	3379	99.400067332569	1
9	3380	99.400067332569	0
9	3412	100.400067332569	1
9	3413	100.400067332569	0
9	3448	101.400067332569	1
9	3449	101.400067332569	0
9	3481	102.400067332569	1
9	3482	102.400067332569	0
9	3511	103.400067332569	1
9	3512	103.400067332569	0
9	3544	104.400067332569	1
9	3545	104.400067332569	0
9	3577	105.400067332569	1
9	3578	105.400067332569	0
9	3607	106.400067332569	1
9	3608	106.400067332569	0
9	3643	107.400067332569	1
9	3644	107.400067332569	0
9	3670	108.400067332569	1
9	3671	108.400067332569	0
9	3700	109.400067332569	1
9	3701	109.400067332569	0
9	3733	110.400067332569	1
9	3734	110.400067332569	0
9	3766	111.400067332569	1
9	3767	111.400067332569	0
9	3793	112.400067332569	1
9	3794	112.400067332569	0
9	3823	113.400067332569	1
9	3824	113.400067332569	0
9	3856	114.400067332569	1
9	3857	114.400067332569	0
9	3889	115.400067332569	1
9	3890	115.400067332569	0
9	3919	116.400067332569	1
9	3920	116.400067332569	0
9	3955	117.400067332569	1
9	3956	117.400067332569	0
9	3988	118.400067332569	1
9	3989	118.400067332569	0
9	4024	119.400067332569	1
9	4025	119.400067332569	0
9	4051	120.400067332569	1
9	4052	120.400067332569	0
9	4081	121.400067332569	1
9	4082	121.400067332569	0
9	4111	122.400067332569	1
9	4112	122.400067332569	0
9	4144	123.400067332569	1
9	4145	123.400067332569	0
9	4177	124.400067332569	1
9	4178	124.400067332569	0
9	4213	125.400067332569	1
9	4214	125.400067332569	0
9	4240	126.400067332569	1
9	4241	126.400067332569	0
9	4273	127.400067332569	1
9	4274	127.400067332569	0
9	4323	128.649152527223	1
9	4324	128.649152527223	0
9	4355	129.649152527223	1
9	4356	129.649152527223	0
9	4385	130.649152527223	1
9	4386	130.649152527223	0
9	4421	131.649152527223	1
9	4422	131.649152527223	0
9	4454	132.649152527223	1
9	4455	132.649152527223	0
9	4496	133.649152527223	1
9	4497	133.649152527223	0
9	4529	134.649152527223	1
9	4530	134.649152527223	0
9	4568	135.649152527223	1
9	4569	135.649152527223	0
9	4601	136.649152527223	1
9	4602	136.649152527223	0
9	4631	137.649152527223	1
9	4632	137.649152527223	0
9	4664	138.649152527223	1
9	4665	138.649152527223	0
9	4694	139.649152527223	1
9	4695	139.649152527223	0
9	4733	140.649152527223	1
9	4734	140.649152527223	0
9	4766	141.649152527223	1
9	4767	141.649152527223	0
9	4793	142.649152527223	1
9	4794	142.649152527223	0
9	4826	143.649152527223	1
9	4827	143.649152527223	0
9	4853	144.649152527223	1
9	4854	144.649152527223	0
9	4886	145.649152527223	1
9	4887	145.649152527223	0
9	4928	146.649152527223	1
9	4929	146.649152527223	0
9	4958	147.649152527223	1
9	4959	147.649152527223	0
9	4988	148.649152527223	1
9	4989	148.649152527223	0
9	5021	149.649152527223	1
9	5022	149.649152527223	0
9	5048	150.649152527223	1
9	5049	150.649152527223	0
9	5081	151.649152527223	1
9	5082	151.649152527223	0
9	5108	152.649152527223	1
9	5109	152.649152527223	0
9	5138	153.649152527223	1
9	5139	153.649152527223	0
9	5165	154.649152527223	1
9	5166	154.649152527223	0
9	5198	155.649152527223	1
9	5199	155.649152527223	0
9	5237	156.649152527223	1
9	5238	156.649152527223	0
9	5270	157.649152527223	1
9	5271	157.649152527223	0
9	5303	158.649152527223	1
9	5304	158.649152527223	0
9	5330	159.649152527223	1
9	5331	159.649152527223	0
9	5363	160.649152527223	1
9	5364	160.649152527223	0
9	5408	161.649152527223	1
9	5409	161.649152527223	0
9	5438	162.649152527223	1
9	5439	162.649152527223	0
9	5471	163.649152527223	1
9	5472	163.649152527223	0
9	5501	164.649152527223	1
9	5502	164.649152527223	0
9	5537	165.649152527223	1
9	5538	165.649152527223	0
9	5567	166.649152527223	1
9	5568	166.649152527223	0
9	5600	167.649152527223	1
9	5601	167.649152527223	0
9	5627	168.649152527223	1
9	5628	168.649152527223	0
9	5666	169.649152527223	1
9	5667	169.649152527223	0
9	5696	170.649152527223	1
9	5697	170.649152527223	0
9	5726	171.649152527223	1
9	5727	171.649152527223	0
9	5756	172.649152527223	1
9	5757	172.649152527223	0
9	5792	173.649152527223	1
9	5793	173.649152527223	0
9	5834	174.649152527223	1
9	5835	174.649152527223	0
9	5876	175.649152527223	1
9	5877	175.649152527223	0
9	5909	176.649152527223	1
9	5910	176.649152527223	0
9	5939	177.649152527223	1
9	5940	177.649152527223	0
9	5969	178.649152527223	1
9	5970	178.649152527223	0
9	5996	179.649152527223	1
9	5997	179.649152527223	0
9	6032	180.649152527223	1
9	6033	180.649152527223	0
9	6065	181.649152527223	1
9	6066	181.649152527223	0
9	6101	182.649152527223	1
9	6102	182.649152527223	0
9	6137	183.649152527223	1
9	6138	183.649152527223	0
9	6170	184.649152527223	1
9	6171	184.649152527223	0
9	6200	185.649152527223	1
9	6201	185.649152527223	0
9	6227	186.649152527223	1
9	6228	186.649152527223	0
9	6257	187.649152527223	1
9	6258	187.649152527223	0
9	6287	188.649152527223	1
9	6288	188.649152527223	0
9	6320	189.649152527223	1
9	6321	189.649152527223	0
9	6353	190.649152527223	1
9	6354	190.649152527223	0
9	6383	191.649152527223	1
9	6384	191.649152527223	0
9	6416	192.649152527223	1
9	6417	192.649152527223	0
9	6449	193.649152527223	1
9	6450	193.649152527223	0
9	6479	194.649152527223	1
9	6480	194.649152527223	0
9	6521	195.649152527223	1
9	6522	195.649152527223	0
9	6554	196.649152527223	1
9	6555	196.649152527223	0
9	6584	197.649152527223	1
9	6585	197.649152527223	0
9	6648	199.64898529358	1
9	6649	199.64898529358	0
10	367	3.859804212075	1
10	368	3.859804212075	0
10	394	4.859804212075	1
10	395	4.859804212075	0
10	442	6.52596940626	1
10	443	6.52596940626	0
10	474	7.564128706924	1
10	475	7.564128706924	0
10	498	8.564128706924	1
10	499	8.564128706924	0
10	558	10.363172325843	1
10	559	10.363172325843	0
10	587	11.363172325843	1
10	588	11.363172325843	0
10	623	12.363172325843	1
10	624	12.363172325843	0
10	656	13.363172325843	1
10	657	13.363172325843	0
10	683	14.363172325843	1
10	684	14.363172325843	0
10	724	15.363172325843	1
10	725	15.363172325843	0
10	752	16.363172325843	1
10	753	16.363172325843	0
10	775	17.363172325843	1
10	776	17.363172325843	0
10	805	18.363172325843	1
10	806	18.363172325843	0
10	841	19.363172325843	1
10	842	19.363172325843	0
10	868	20.363172325843	1
10	869	20.363172325843	0
10	902	21.363172325843	1
10	903	21.363172325843	0
10	932	22.363172325843	1
10	933	22.363172325843	0
10	954	23.363172325843	1
10	955	23.363172325843	0
10	1027	27.047509410774	1
10	1028	27.047509410774	0
10	1050	28.047509410774	1
10	1051	28.047509410774	0
10	1106	29.182974844391	1
10	1107	29.182974844391	0
10	1141	30.20440671874	1
10	1142	30.20440671874	0
10	1164	31.20440671874	1
10	1165	31.20440671874	0
10	1234	33.971148391769	1
10	1235	33.971148391769	0
10	1273	34.971148391769	1
10	1274	34.971148391769	0
10	1316	36.101097919552	1
10	1317	36.101097919552	0
10	1353	37.101097919552	1
10	1354	37.101097919552	0
10	1383	38.101097919552	1
10	1384	38.101097919552	0
10	1410	39.101097919552	1
10	1411	39.101097919552	0
10	1443	40.101097919552	1
10	1444	40.101097919552	0
10	1479	41.101097919552	1
10	1480	41.101097919552	0
10	1512	42.101097919552	1
10	1513	42.101097919552	0
10	1548	43.101097919552	1
10	1549	43.101097919552	0
10	1578	44.101097919552	1
10	1579	44.101097919552	0
10	1608	45.101097919552	1
10	1609	45.101097919552	0
10	1638	46.101097919552	1
10	1639	46.101097919552	0
10	1673	47.101097919552	1
10	1674	47.101097919552	0
10	1733	48.540707172454	1
10	1734	48.540707172454	0
10	1770	49.540707172454	1
10	1771	49.540707172454	0
10	1803	50.540707172454	1
10	1804	50.540707172454	0
10	1833	51.540707172454	1
10	1834	51.540707172454	0
10	1860	52.540707172454	1
10	1861	52.540707172454	0
10	1887	53.540707172454	1
10	1888	53.540707172454	0
10	1926	54.540707172454	1
10	1927	54.540707172454	0
10	1962	55.540707172454	1
10	1963	55.540707172454	0
10	1989	56.540707172454	1
10	1990	56.540707172454	0
10	2022	57.540707172454	1
10	2023	57.540707172454	0
10	2055	58.540707172454	1
10	2056	58.540707172454	0
10	2088	59.540707172454	1
10	2089	59.540707172454	0
10	2118	60.540707172454	1
10	2119	60.540707172454	0
10	2156	61.540707172454	1
10	2157	61.540707172454	0
10	2202	62.632680586152	1
10	2203	62.632680586152	0
10	2230	63.632680586152	1
10	2231	63.632680586152	0
10	2263	64.632680586152	1
10	2264	64.632680586152	0
10	2293	65.632680586152	1
10	2294	65.632680586152	0
10	2329	66.632680586152	1
10	2330	66.632680586152	0
10	2362	67.632680586152	1
10	2363	67.632680586152	0
10	2398	68.632680586152	1
10	2399	68.632680586152	0
10	2425	69.632680586152	1
10	2426	69.632680586152	0
10	2452	70.632680586152	1
10	2453	70.632680586152	0
10	2479	71.632680586152	1
10	2480	71.632680586152	0
10	2508	72.632680586152	1
10	2509	72.632680586152	0
10	2568	74.293319858336	1
10	2569	74.293319858336	0
10	2596	75.293319858336	1
10	2597	75.293319858336	0
10	2621	76.293319858336	1
10	2622	76.293319858336	0
10	2714	79.400167332569	1
10	2715	79.400167332569	0
10	2742	80.400167332569	1
10	2743	80.400167332569	0
10	2775	81.400167332569	1
10	2776	81.400167332569	0
10	2808	82.400167332569	1
10	2809	82.400167332569	0
10	2841	83.400167332569	1
10	2842	83.400167332569	0
10	2871	84.400167332569	1
10	2872	84.400167332569	0
10	2904	85.400167332569	1
10	2905	85.400167332569	0
10	2940	86.400167332569	1
10	2941	86.400167332569	0
10	2973	87.400167332569	1
10	2974	87.400167332569	0
10	3006	88.400167332569	1
10	3007	88.400167332569	0
10	3033	89.400167332569	1
10	3034	89.400167332569	0
10	3069	90.400167332569	1
10	3070	90.400167332569	0
10	3108	91.400167332569	1
10	3109	91.400167332569	0
10	3138	92.400167332569	1
10	3139	92.400167332569	0
10	3171	93.400167332569	1
10	3172	93.400167332569	0
10	3204	94.400167332569	1
10	3205	94.400167332569	0
10	3234	95.400167332569	1
10	3235	95.400167332569	0
10	3273	96.400167332569	1
10	3274	96.400167332569	0
10	3315	97.400167332569	1
10	3316	97.400167332569	0
10	3351	98.400167332569	1
10	3352	98.400167332569	0
10	3384	99.400167332569	1
10	3385	99.400167332569	0
10	3417	100.400167332569	1
10	3418	100.400167332569	0
10	3453	101.400167332569	1
10	3454	101.400167332569	0
10	3486	102.400167332569	1
10	3487	102.400167332569	0
10	3516	103.400167332569	1
10	3517	103.400167332569	0
10	3549	104.400167332569	1
10	3550	104.400167332569	0
10	3582	105.400167332569	1
10	3583	105.400167332569	0
10	3612	106.400167332569	1
10	3613	106.400167332569	0
10	3648	107.400167332569	1
10	3649	107.400167332569	0
10	3675	108.400167332569	1
10	3676	108.400167332569	0
10	3705	109.400167332569	1
10	3706	109.400167332569	0
10	3738	110.400167332569	1
10	3739	110.400167332569	0
10	3771	111.400167332569	1
10	3772	111.400167332569	0
10	3798	112.400167332569	1
10	3799	112.400167332569	0
10	3828	113.400167332569	1
10	3829	113.400167332569	0
10	3861	114.400167332569	1
10	3862	114.400167332569	0
10	3894	115.400167332569	1
10	3895	115.400167332569	0
10	3924	116.400167332569	1
10	3925	116.400167332569	0
10	3960	117.400167332569	1
10	3961	117.400167332569	0
10	3993	118.400167332569	1
10	3994	118.400167332569	0
10	4029	119.400167332569	1
10	4030	119.400167332569	0
10	4056	120.400167332569	1
10	4057	120.400167332569	0
10	4086	121.400167332569	1
10	4087	121.400167332569	0
10	4116	122.400167332569	1
10	4117	122.400167332569	0
10	4149	123.400167332569	1
10	4150	123.400167332569	0
10	4182	124.400167332569	1
10	4183	124.400167332569	0
10	4218	125.400167332569	1
10	4219	125.400167332569	0
10	4245	126.400167332569	1
10	4246	126.400167332569	0
10	4278	127.400167332569	1
10	4279	127.400167332569	0
10	4307	128.400167332569	1
10	4308	128.400167332569	0
10	4359	129.649252527223	1
10	4360	129.649252527223	0
10	4390	130.649252527223	1
10	4391	130.649252527223	0
10	4426	131.649252527223	1
10	4427	131.649252527223	0
10	4459	132.649252527223	1
10	4460	132.649252527223	0
10	4501	133.649252527223	1
10	4502	133.649252527223	0
10	4534	134.649252527223	1
10	4535	134.649252527223	0
10	4573	135.649252527223	1
10	4574	135.649252527223	0
10	4606	136.649252527223	1
10	4607	136.649252527223	0
10	4636	137.649252527223	1
10	4637	137.649252527223	0
10	4669	138.649252527223	1
10	4670	138.649252527223	0
10	4699	139.649252527223	1
10	4700	139.649252527223	0
10	4738	140.649252527223	1
10	4739	140.649252527223	0
10	4771	141.649252527223	1
10	4772	141.649252527223	0
10	4798	142.649252527223	1
10	4799	142.649252527223	0
10	4831	143.649252527223	1
10	4832	143.649252527223	0
10	4858	144.649252527223	1
10	4859	144.649252527223	0
10	4891	145.649252527223	1
10	4892	145.649252527223	0
10	4933	146.649252527223	1
10	4934	146.649252527223	0
10	4963	147.649252527223	1
10	4964	147.649252527223	0
10	4993	148.649252527223	1
10	4994	148.649252527223	0
10	5026	149.649252527223	1
10	5027	149.649252527223	0
10	5053	150.649252527223	1
10	5054	150.649252527223	0
10	5086	151.649252527223	1
10	5087	151.649252527223	0
10	5113	152.649252527223	1
10	5114	152.649252527223	0
10	5143	153.649252527223	1
10	5144	153.649252527223	0
10	5170	154.649252527223	1
10	5171	154.649252527223	0
10	5203	155.649252527223	1
10	5204	155.649252527223	0
10	5242	156.649252527223	1
10	5243	156.649252527223	0
10	5275	157.649252527223	1
10	5276	157.649252527223	0
10	5308	158.649252527223	1
10	5309	158.649252527223	0
10	5335	159.649252527223	1
10	5336	159.649252527223	0
10	5368	160.649252527223	1
10	5369	160.649252527223	0
10	5413	161.649252527223	1
10	5414	161.649252527223	0
10	5443	162.649252527223	1
10	5444	162.649252527223	0
10	5476	163.649252527223	1
10	5477	163.649252527223	0
10	5506	164.649252527223	1
10	5507	164.649252527223	0
10	5542	165.649252527223	1
10	5543	165.649252527223	0
10	5572	166.649252527223	1
10	5573	166.649252527223	0
10	5605	167.649252527223	1
10	5606	167.649252527223	0
10	5632	168.649252527223	1
10	5633	168.649252527223	0
10	5671	169.649252527223	1
10	5672	169.649252527223	0
10	5701	170.649252527223	1
10	5702	170.649252527223	0
10	5731	171.649252527223	1
10	5732	171.649252527223	0
10	5761	172.649252527223	1
10	5762	172.649252527223	0
10	5797	173.649252527223	1
10	5798	173.649252527223	0
10	5839	174.649252527223	1
10	5840	174.649252527223	0
10	5881	175.649252527223	1
10	5882	175.649252527223	0
10	5914	176.649252527223	1
10	5915	176.649252527223	0
10	5944	177.649252527223	1
10	5945	177.649252527223	0
10	5974	178.649252527223	1
10	5975	178.649252527223	0
10	6001	179.649252527223	1
10	6002	179.649252527223	0
10	6037	180.649252527223	1
10	6038	180.649252527223	0
10	6070	181.649252527223	1
10	6071	181.649252527223	0
10	6106	182.649252527223	1
10	6107	182.649252527223	0
10	6142	183.649252527223	1
10	6143	183.649252527223	0
10	6175	184.649252527223	1
10	6176	184.649252527223	0
10	6205	185.649252527223	1
10	6206	185.649252527223	0
10	6232	186.649252527223	1
10	6233	186.649252527223	0
10	6262	187.649252527223	1
10	6263	187.649252527223	0
10	6292	188.649252527223	1
10	6293	188.649252527223	0
10	6325	189.649252527223	1
10	6326	189.649252527223	0
10	6358	190.649252527223	1
10	6359	190.649252527223	0
10	6388	191.649252527223	1
10	6389	191.649252527223	0
10	6421	192.649252527223	1
10	6422	192.649252527223	0
10	6454	193.649252527223	1
10	6455	193.649252527223	0
10	6484	194.649252527223	1
10	6485	194.649252527223	0
10	6526	195.649252527223	1
10	6527	195.649252527223	0
10	6559	196.649252527223	1
10	6560	196.649252527223	0
10	6589	197.649252527223	1
10	6590	197.649252527223	0
10	6618	198.649252527223	1
10	6619	198.649252527223	0
11	377	3.898860388484	3.0003
11	401	4.898860388484	3.077076868529
11	462	6.773628855839	3.0003
11	489	7.773628855839	3.44925151333
11	518	8.773628855839	3.472245086937
11	546	9.773628855839	3.987116923215
11	573	10.773628855839	4.633957784077
11	602	11.773628855839	5.575573114984
11	636	12.773628855839	3.260660835056
11	673	14.082164138406	3.0003
11	708	15.082164138406	3.247625886687
11	739	16.082164138406	3.408193033787
11	792	17.482640368894	3.0003
11	822	18.482640368894	3.926614644535
11	858	19.482640368894	4.515036648292
11	885	20.482640368894	5.423875622168
11	914	21.482640368894	5.37926311386
11	939	22.482640368894	3.229093185184
11	970	24.294739399622	3.0003
11	990	25.294739399622	3.358590827322
11	1015	26.541688129362	3.0003
11	1067	28.155690204255	3.0003
11	1102	29.155690204255	3.26533557881
11	1129	30.155690204255	3.1293966371
11	1159	31.155690204255	4.003522227662
11	1191	32.155690204255	3.728294525438
11	1225	33.155690204255	4.573564844938
11	1256	34.155690204255	4.802730186471
11	1295	35.155690204255	4.381365506377
11	1334	36.155690204255	4.643538214621
11	1370	37.155690204255	5.531592053988
11	1400	38.155690204255	5.99602633376
11	1427	39.155690204255	6.688745981607
11	1460	40.155690204255	7.482542699577
11	1496	41.155690204255	7.147252514953
11	1529	42.155690204255	7.53817009177
11	1565	43.155690204255	8.392892064478
11	1595	44.155690204255	9.373923495277
11	1625	45.155690204255	9.9821526846
11	1655	46.155690204255	10.020771745534
11	1693	47.155690204255	10.769329813459
11	1721	48.155690204255	11.280772764151
11	1760	49.155690204255	9.402857742873
11	1793	50.155690204255	9.805111666055
11	1823	51.155690204255	10.359593171004
11	1850	52.155690204255	10.785060764263
11	1877	53.155690204255	9.458709702569
11	1910	54.155690204255	9.359797235018
11	1946	55.155690204255	9.30096310353
11	1979	56.155690204255	9.190365657843
11	2009	57.155690204255	10.052336969415
11	2042	58.155690204255	9.663294279624
11	2075	59.155690204255	10.211192219399
11	2108	60.155690204255	10.366764425871
11	2148	61.155690204255	6.912267579695
11	2181	62.155690204255	7.677966060919
11	2220	63.155690204255	7.669946815499
11	2250	64.155690204255	7.611204100405
11	2280	65.155690204255	7.739288246779
11	2319	66.155690204255	8.447207713512
11	2349	67.155690204255	8.912143036429
11	2379	68.155690204255	9.284201455438
11	2415	69.155690204255	9.640420453835
11	2442	70.155690204255	10.360143445356
11	2469	71.155690204255	10.383279371285
11	2499	72.155690204255	10.970778141363
11	2528	73.155690204255	10.902705944213
11	2559	74.155690204255	11.753993674961
11	2586	75.155690204255	11.247358341688
11	2616	76.155690204255	11.787344383948
11	2647	77.155690204255	11.70107500307
11	2677	78.155690204255	10.980743345353
11	2702	79.155690204255	10.860928979599
11	2732	80.155690204255	11.75989420429
11	2765	81.155690204255	9.186305831946
11	2798	82.155690204255	8.080984531154
11	2828	83.155690204255	9.02365760473
11	2861	84.155690204255	9.095179107829
11	2894	85.155690204255	9.495232221188
11	2930	86.155690204255	9.150986949036
11	2960	87.155690204255	10.13079682089
11	2996	88.155690204255	11.090820521832
11	3023	89.155690204255	11.507942132965
11	3059	90.155690204255	8.61637201012
11	3092	91.155690204255	9.081487634363
11	3125	92.155690204255	7.577575851278
11	3161	93.155690204255	7.744732335212
11	3191	94.155690204255	6.741491812705
11	3221	95.155690204255	7.642841504287
11	3263	96.155690204255	6.102536996328
11	3299	97.155690204255	7.015766513988
11	3341	98.155690204255	5.366510585312
11	3374	99.155690204255	6.225179871751
11	3407	100.155690204255	6.183399217572
11	3443	101.155690204255	5.923465407463
11	3476	102.155690204255	6.581811240437
11	3503	103.155690204255	7.274293516675
11	3533	104.155690204255	8.071943078108
11	3569	105.155690204255	8.188814036149
11	3602	106.155690204255	9.168501577353
11	3635	107.155690204255	9.988249325368
11	3665	108.155690204255	9.222508252955
11	3692	109.155690204255	9.379425220807
11	3722	110.155690204255	9.050667347057
11	3761	111.155690204255	9.482763193577
11	3788	112.155690204255	10.196742221069
11	3818	113.155690204255	9.785717811775
11	3851	114.155690204255	9.927324843946
11	3884	115.155690204255	10.422981037358
11	3914	116.155690204255	9.159247461497
11	3950	117.155690204255	9.906827468606
11	3983	118.155690204255	7.854545811722
11	4016	119.155690204255	8.26192178427
11	4046	120.155690204255	7.388461904413
11	4073	121.155690204255	7.186223337166
11	4103	122.155690204255	8.062696689804
11	4136	123.155690204255	8.70967655653
11	4169	124.155690204255	8.252857997966
11	4205	125.155690204255	8.722135501349
11	4235	126.155690204255	9.217116753594
11	4268	127.155690204255	8.087617357526
11	4302	128.155690204255	6.952786907543
11	4341	129.155690204255	6.773403973898
11	4374	130.155690204255	6.885542563461
11	4413	131.155690204255	6.807707679325
11	4446	132.155690204255	7.045839908029
11	4485	133.155690204255	7.783782666354
11	4518	134.155690204255	7.750985655709
11	4554	135.155690204255	8.248674857448
11	4590	136.155690204255	8.697278867314
11	4623	137.155690204255	8.73282530182
11	4656	138.155690204255	9.088720593497
11	4689	139.155690204255	9.729793377627
11	4722	140.155690204255	9.650473178971
11	4761	141.155690204255	10.307873554273
11	4788	142.155690204255	10.345498498502
11	4815	143.155690204255	10.785537428428
11	4848	144.155690204255	9.678089823478
11	4878	145.155690204255	9.784360745172
11	4911	146.155690204255	9.930281009529
11	4953	147.155690204255	7.457745530247
11	4980	148.155690204255	8.305451904993
11	5016	149.155690204255	8.847279021035
11	5043	150.155690204255	9.744958406182
11	5076	151.155690204255	10.172496854754
11	5103	152.155690204255	7.034687094244
11	5130	153.155690204255	7.264610234698
11	5160	154.155690204255	7.670536736374
11	5187	155.155690204255	8.564924092745
11	5226	156.155690204255	7.045641962662
11	5265	157.155690204255	6.205909177585
11	5292	158.155690204255	7.044039090873
11	5325	159.155690204255	5.693861801122
11	5352	160.155690204255	4.667952984019
11	5397	161.155690204255	5.629670071134
11	5430	162.155690204255	6.452344495989
11	5463	163.155690204255	6.496378072067
11	5493	164.155690204255	5.986554616458
11	5523	165.155690204255	4.984568120932
11	5562	166.155690204255	5.454565242795
11	5589	167.155690204255	6.303774232601
11	5622	168.155690204255	6.780904202513
11	5649	169.155690204255	6.585465636231
11	5691	170.155690204255	7.118193069821
11	5721	171.155690204255	7.513893997973
11	5748	172.155690204255	7.969036869828
11	5784	173.155690204255	7.688702666016
11	5817	174.155690204255	8.233790821224
11	5868	175.155690204255	5.52383022932
11	5901	176.155690204255	6.077577408801
11	5934	177.155690204255	4.192965656699
11	5964	178.155690204255	5.00467068148
11	5991	179.155690204255	5.590058138821
11	6021	180.155690204255	5.853927038834
11	6054	181.155690204255	6.798056985945
11	6093	182.155690204255	7.574917777844
11	6129	183.155690204255	8.377088270385
11	6162	184.155690204255	7.798675548279
11	6195	185.155690204255	8.375018446922
11	6222	186.155690204255	6.490474158515
11	6249	187.155690204255	6.553335440792
11	6282	188.155690204255	6.645371413467
11	6315	189.155690204255	7.613014608822
11	6348	190.155690204255	7.082183382555
11	6378	191.155690204255	8.03050047676
11	6408	192.155690204255	8.169576840079
11	6438	193.155690204255	8.897908769737
11	6471	194.155690204255	5.018775881743
11	6507	195.155690204255	5.251696227171
11	6549	196.155690204255	4.254524259681
11	6579	197.155690204255	3.944738888319
11	6609	198.155690204255	4.570852392416
11	6638	199.155690204255	4.762872339017
12	377	3.898860388484	2
12	401	4.898860388484	2
12	462	6.773628855839	2
12	489	7.773628855839	2
12	518	8.773628855839	2
12	546	9.773628855839	2
12	573	10.773628855839	2
12	602	11.773628855839	2
12	636	12.773628855839	2
12	673	14.082164138406	2
12	708	15.082164138406	2
12	739	16.082164138406	2
12	792	17.482640368894	2
12	822	18.482640368894	2
12	858	19.482640368894	2
12	885	20.482640368894	2
12	914	21.482640368894	2
12	939	22.482640368894	2
12	970	24.294739399622	2
12	990	25.294739399622	2
12	1015	26.541688129362	2
12	1067	28.155690204255	2
12	1102	29.155690204255	2
12	1129	30.155690204255	2
12	1159	31.155690204255	2
12	1191	32.155690204255	2
12	1225	33.155690204255	2
12	1256	34.155690204255	2
12	1295	35.155690204255	2
12	1334	36.155690204255	2
12	1370	37.155690204255	2
12	1400	38.155690204255	2
12	1427	39.155690204255	2
12	1460	40.155690204255	2
12	1496	41.155690204255	2
12	1529	42.155690204255	2
12	1565	43.155690204255	2
12	1595	44.155690204255	2
12	1625	45.155690204255	2
12	1655	46.155690204255	2
12	1693	47.155690204255	2
12	1721	48.155690204255	2
12	1760	49.155690204255	2
12	1793	50.155690204255	2
12	1823	51.155690204255	2
12	1850	52.155690204255	2
12	1877	53.155690204255	2
12	1910	54.155690204255	2
12	1946	55.155690204255	2
12	1979	56.155690204255	2
12	2009	57.155690204255	2
12	2042	58.155690204255	2
12	2075	59.155690204255	2
12	2108	60.155690204255	2
12	2148	61.155690204255	2
12	2181	62.155690204255	2
12	2220	63.155690204255	2
12	2250	64.155690204255	2
12	2280	65.155690204255	2
12	2319	66.155690204255	2
12	2349	67.155690204255	2
12	2379	68.155690204255	2
12	2415	69.155690204255	2
12	2442	70.155690204255	2
12	2469	71.155690204255	2
12	2499	72.155690204255	2
12	2528	73.155690204255	2
12	2559	74.155690204255	2
12	2586	75.155690204255	2
12	2616	76.155690204255	2
12	2647	77.155690204255	2
12	2677	78.155690204255	2
12	2702	79.155690204255	2
12	2732	80.155690204255	2
12	2765	81.155690204255	2
12	2798	82.155690204255	2
12	2828	83.155690204255	2
12	2861	84.155690204255	2
12	2894	85.155690204255	2
12	2930	86.155690204255	2
12	2960	87.155690204255	2
12	2996	88.155690204255	2
12	3023	89.155690204255	2
12	3059	90.155690204255	2
12	3092	91.155690204255	2
12	3125	92.155690204255	2
12	3161	93.155690204255	2
12	3191	94.155690204255	2
12	3221	95.155690204255	2
12	3263	96.155690204255	2
12	3299	97.155690204255	2
12	3341	98.155690204255	2
12	3374	99.155690204255	2
12	3407	100.155690204255	2
12	3443	101.155690204255	2
12	3476	102.155690204255	2
12	3503	103.155690204255	2
12	3533	104.155690204255	2
12	3569	105.155690204255	2
12	3602	106.155690204255	2
12	3635	107.155690204255	2
12	3665	108.155690204255	2
12	3692	109.155690204255	2
12	3722	110.155690204255	2
12	3761	111.155690204255	2
12	3788	112.155690204255	2
12	3818	113.155690204255	2
12	3851	114.155690204255	2
12	3884	115.155690204255	2
12	3914	116.155690204255	2
12	3950	117.155690204255	2
12	3983	118.155690204255	2
12	4016	119.155690204255	2
12	4046	120.155690204255	2
12	4073	121.155690204255	2
12	4103	122.155690204255	2
12	4136	123.155690204255	2
12	4169	124.155690204255	2
12	4205	125.155690204255	2
12	4235	126.155690204255	2
12	4268	127.155690204255	2
12	4302	128.155690204255	2
12	4341	129.155690204255	2
12	4374	130.155690204255	2
12	4413	131.155690204255	2
12	4446	132.155690204255	2
12	4485	133.155690204255	2
12	4518	134.155690204255	2
12	4554	135.155690204255	2
12	4590	136.155690204255	2
12	4623	137.155690204255	2
12	4656	138.155690204255	2
12	4689	139.155690204255	2
12	4722	140.155690204255	2
12	4761	141.155690204255	2
12	4788	142.155690204255	2
12	4815	143.155690204255	2
12	4848	144.155690204255	2
12	4878	145.155690204255	2
12	4911	146.155690204255	2
12	4953	147.155690204255	2
12	4980	148.155690204255	2
12	5016	149.155690204255	2
12	5043	150.155690204255	2
12	5076	151.155690204255	2
12	5103	152.155690204255	2
12	5130	153.155690204255	2
12	5160	154.155690204255	2
12	5187	155.155690204255	2
12	5226	156.155690204255	2
12	5265	157.155690204255	2
12	5292	158.155690204255	2
12	5325	159.155690204255	2
12	5352	160.155690204255	2
12	5397	161.155690204255	2
12	5430	162.155690204255	2
12	5463	163.155690204255	2
12	5493	164.155690204255	2
12	5523	165.155690204255	2
12	5562	166.155690204255	2
12	5589	167.155690204255	2
12	5622	168.155690204255	2
12	5649	169.155690204255	2
12	5691	170.155690204255	2
12	5721	171.155690204255	2
12	5748	172.155690204255	2
12	5784	173.155690204255	2
12	5817	174.155690204255	2
12	5868	175.155690204255	2
12	5901	176.155690204255	2
12	5934	177.155690204255	2
12	5964	178.155690204255	2
12	5991	179.155690204255	2
12	6021	180.155690204255	2
12	6054	181.155690204255	2
12	6093	182.155690204255	2
12	6129	183.155690204255	2
12	6162	184.155690204255	2
12	6195	185.155690204255	2
12	6222	186.155690204255	2
12	6249	187.155690204255	2
12	6282	188.155690204255	2
12	6315	189.155690204255	2
12	6348	190.155690204255	2
12	6378	191.155690204255	2
12	6408	192.155690204255	2
12	6438	193.155690204255	2
12	6471	194.155690204255	2
12	6507	195.155690204255	2
12	6549	196.155690204255	2
12	6579	197.155690204255	2
12	6609	198.155690204255	2
12	6638	199.155690204255	2

